  2.0000000e+000  2.2001542e+000  2.0089194e+000  2.8845404e+000  2.6798896e+000  3.9073850e+000  3.4770375e+000  3.8508975e+000  2.2889058e+000  3.2091890e+000  3.7341405e+000
  2.0000000e+000  3.7523065e-001  2.1275389e+000  4.1201161e+000  3.1997232e+000  4.6799863e+000  3.2697669e+000  3.5657103e+000  2.4186017e+000  4.9221734e+000  1.9823160e+000
  1.0000000e+000  2.1270241e+000  3.3959348e+000  3.8445523e+000  3.4832931e+000  4.4873315e+000  2.9194850e+000  3.6239417e+000  2.6894198e+000  3.3500564e+000  4.3496620e+000
  2.0000000e+000  2.5192079e+000  2.2116008e+000  3.2178476e+000  2.0700937e-001  3.1878657e+000  3.5711741e+000  2.4551298e+000  3.3603430e+000  4.2468545e+000  2.2923833e-001
  2.0000000e+000  4.0512666e+000  3.7254237e+000  4.2684443e+000  5.1550446e+000  3.8316781e+000  1.7731068e+000  2.5504560e+000  2.0761353e+000  3.9320350e+000  4.5202272e+000
  2.0000000e+000  3.1833102e+000  2.4367311e+000  2.3522424e+000  3.6070201e+000  3.7968466e+000  2.5169165e+000  3.2668561e+000  2.8712087e+000  3.0947708e+000  3.2603148e+000
  2.0000000e+000  3.0880521e+000  2.6489436e+000  1.4636895e+000  2.3082838e+000  3.3574735e+000  3.6705732e+000  3.2133085e+000  3.2890827e+000  3.7905753e+000  3.1958871e+000
  2.0000000e+000  2.9047179e+000  1.8088504e+000  2.8730702e+000  5.4497939e+000  4.6599645e+000  2.2106360e+000  1.4061485e+000  2.7395093e+000  1.5563220e+000  6.5553461e-001
  2.0000000e+000  2.6906716e+000  3.4130572e+000  2.6332421e+000  2.7873149e+000  3.2834617e+000  1.8162684e+000  5.0281144e+000  1.8001299e+000  3.2129075e+000  6.0625003e+000
  1.0000000e+000  6.3730788e-001  3.4369368e+000  4.4800032e+000  1.3426508e+000  3.1583684e+000  2.8965715e+000  3.3815561e+000  2.9372981e+000  2.5526509e+000  4.6750812e+000
  2.0000000e+000  1.7975880e+000  2.7404422e+000  2.1740880e+000  2.5688478e+000  3.4467299e+000  1.5461346e+000  1.7790317e+000  2.4698372e+000  2.9769245e+000  2.6799787e+000
  2.0000000e+000  1.5204429e+000  1.4950017e+000  4.4361739e+000  2.9808239e+000  2.6992065e+000  4.6746508e+000  2.6736826e+000  2.8961404e+000  3.3979721e+000  3.3328447e+000
  2.0000000e+000  3.4280491e+000  2.4886412e+000  2.4758608e+000  3.0985069e+000  2.4631871e+000  2.4570488e+000  2.8356416e+000  1.6754293e+000  3.3904120e+000  3.3681441e+000
  2.0000000e+000  2.4987692e+000  3.9694041e+000  2.4038115e+000  1.8501660e+000  3.4392132e+000  2.1346089e+000  3.2323614e+000  4.7160229e+000  1.0858435e+000  2.4563528e+000
  2.0000000e+000  3.0496170e+000  3.5639705e+000  4.5365309e+000  3.1678843e+000  4.0569660e+000  1.3402611e+000  2.7771900e+000  3.2890143e+000  2.0305392e+000  3.3192309e+000
  2.0000000e+000  1.8602657e+000  1.9662293e+000  3.7757572e+000  2.5920036e+000  2.2847272e+000  2.1890165e+000  2.2237076e+000  3.9695839e+000  2.6974491e+000  3.2136731e+000
  2.0000000e+000  1.9173703e+000  4.8849171e+000  3.5000012e+000  3.7755549e+000  3.2874385e+000  2.5439273e+000  3.8186127e+000  1.4175320e+000  2.8360577e+000  4.2009477e+000
  2.0000000e+000  2.8258622e+000  2.8644145e+000  2.6719547e+000  2.2074584e+000  1.8720253e+000  4.3093104e+000  2.0208103e+000  3.2407725e+000  3.8681478e+000  2.3175612e+000
  2.0000000e+000  4.8606889e+000  4.9398002e+000  3.1592441e+000  1.8933700e+000  3.5847847e+000  2.1971648e+000  4.2848832e+000  3.6131762e+000  3.4603693e+000  2.5332580e+000
  2.0000000e+000  3.8488435e+000  3.7915764e+000  2.1841120e+000  2.0853923e+000  1.7221578e+000  8.2269998e-001  2.6101823e+000  3.8458279e+000  2.6233250e+000  4.1911157e+000
  2.0000000e+000  4.2442237e+000  1.6891341e+000  3.3284217e+000  1.1755697e+000  3.5375618e+000  1.7183064e+000  1.7902518e+000  2.9804640e+000  1.7727987e+000  1.5547145e+000
  2.0000000e+000  3.9247240e+000  2.1763141e+000  3.1556020e+000  2.5165149e+000  3.6589239e+000  3.9520013e+000  2.3592754e+000  2.0226757e+000  3.6499010e+000  2.0652444e+000
  2.0000000e+000  4.2179405e+000  2.3654464e+000  1.1488369e+000  4.6978164e+000  1.9922216e+000  3.1628110e+000  3.2211477e+000  3.3183914e+000  3.7144640e+000  4.2721058e+000
  2.0000000e+000  3.0902180e+000  4.7263038e+000  2.4681031e+000  4.0102942e+000  1.6798705e+000  3.3912848e+000  2.6034956e+000  4.2109739e+000  2.5549129e+000  1.9100780e+000
  2.0000000e+000  3.1449435e+000  1.6931093e+000  5.0442206e+000  1.5096495e+000  2.9910500e+000  3.9687648e+000  3.9637230e+000  2.0530580e+000  5.1207985e+000  2.5461749e+000
  2.0000000e+000  2.2685572e+000  4.4614656e+000  2.6703050e+000  1.7968346e+000  3.5906655e+000  1.2180717e+000  1.3704360e+000  4.1165171e+000  2.6069676e+000  3.5768948e+000
  2.0000000e+000  5.1569288e+000  2.8423652e+000  2.2902512e+000  4.1276473e+000  2.8824275e+000  3.5633188e+000  2.8963324e+000  1.9853410e+000  5.5388192e+000  3.5817427e+000
  2.0000000e+000  2.4144738e+000  1.9878912e+000  2.3403797e+000  1.2363274e+000  2.5217417e+000  3.3403224e+000  4.1050457e+000  3.0117989e+000  1.9455294e+000  3.7493378e+000
  2.0000000e+000  3.6662952e+000  2.8024043e+000  3.5905220e+000  2.5999239e+000  2.9218321e+000  2.3974049e+000  2.9170505e+000  3.9767202e+000  2.3165812e+000  1.6349828e+000
  1.0000000e+000  4.2130544e+000  3.3714713e+000  3.7094453e+000  4.0682834e+000  1.1109298e+000  2.5380161e+000  4.0878786e+000  4.2668662e+000  2.4555935e+000  1.5604439e+000
  1.0000000e+000  2.8331782e+000  3.0940130e+000  2.2913630e+000  3.7813842e+000  3.3638889e+000  3.4964047e+000  2.9884255e+000  1.8810418e+000  2.5880630e+000  2.3704820e+000
  2.0000000e+000  2.9731203e+000  2.1096692e+000  2.3136399e+000  3.7119933e+000  3.4049847e+000  3.4321037e+000  1.1683487e+000  2.4530025e+000  3.4278065e+000  2.5931309e+000
  1.0000000e+000  4.1424998e+000  3.3459295e+000  2.7967561e+000  2.6513097e+000  3.9242189e+000  3.8926344e+000  2.6377456e+000  4.6960312e+000  1.7790674e+000  2.1727591e+000
  2.0000000e+000  3.4266890e+000  2.1700907e+000  3.7159981e+000  2.9158988e+000  2.5842885e+000  3.8656892e+000  3.3481641e+000  2.5242398e+000  4.7911963e+000  4.1620435e+000
  2.0000000e+000  2.3480474e+000  4.3883890e+000  2.2417594e+000  2.3735043e+000  2.4106387e+000  3.0934092e+000  2.4410595e+000  3.8564829e+000  1.7765780e+000  4.3134261e+000
  2.0000000e+000  1.6796862e+000  1.4262509e+000  2.8278703e+000  1.9792452e+000  2.4760482e+000  2.0223223e+000  2.9215552e+000  3.0533384e+000  2.7763786e+000  1.1621568e+000
  2.0000000e+000  1.3190188e+000  4.2951861e+000  3.3718001e+000  1.3082793e+000  4.0260732e+000  3.0603000e+000  2.3658783e+000  2.8747871e+000  2.5432715e+000  4.4612598e+000
  2.0000000e+000  2.1712670e+000  3.1071982e+000  2.9414413e+000  2.7593812e+000  2.8800900e+000  5.4659976e+000  3.1881378e+000  2.5148781e+000  1.4776770e+000  2.0648068e+000
  2.0000000e+000  2.2807790e+000  3.2043821e+000  2.6862761e+000  3.0924467e+000  3.3765570e+000  4.0033561e+000  3.6150606e+000  3.0105383e+000  2.9785422e+000  2.8061459e+000
  1.0000000e+000  4.2241661e+000  3.5594273e+000  2.0525797e+000  3.3239475e+000  1.1650013e+000  3.2885906e+000  3.4101186e+000  2.4106505e+000  3.8324052e+000  3.7722188e+000
  2.0000000e+000  2.2545306e+000  4.2078749e+000  3.1833150e+000  4.0113689e+000  3.6132516e+000  3.2487372e+000  4.5798918e+000  2.5476009e+000  1.0313511e+000  4.1595199e+000
  2.0000000e+000  2.0057923e+000  1.4483891e+000  3.9315714e+000  4.1570921e+000  3.5075257e+000  2.9440432e+000  2.2009586e+000  2.4335115e+000  3.3538164e+000  2.8662410e+000
  1.0000000e+000  2.9329162e+000  3.8830879e+000  3.9682545e+000  2.6343895e+000  3.0583744e+000  3.2561605e+000  2.4910242e+000  1.2338887e+000  3.6701462e+000  4.1323116e+000
  2.0000000e+000  4.2467682e+000  4.2698979e+000  4.2817771e+000  3.1165252e+000  2.1097552e+000  3.0920636e+000  1.4170057e+000  4.4573874e+000  2.2399748e+000  1.7855391e+000
  2.0000000e+000  2.4906219e+000  1.6548978e+000  3.0281459e+000  1.8010984e+000  2.0207534e+000 -4.0667276e-001  3.0342706e+000  2.9560343e+000  3.4525180e+000  2.6426126e+000
  2.0000000e+000  3.2708572e+000  3.1200667e+000 -2.8113909e-001 -7.3218993e-001  4.0172880e+000  2.8689830e+000  2.1371648e+000  2.7023763e+000  3.1232302e+000  2.7698437e+000
  2.0000000e+000  2.7878271e+000  1.7159643e+000  3.8924341e+000  2.5630117e+000  2.1634046e+000  2.9998321e+000  3.2300906e+000  4.1922518e+000  4.3462997e+000  2.4838618e+000
  2.0000000e+000  2.8757387e+000  4.3375282e+000  3.4482011e+000  2.6310395e+000  3.7306581e+000  2.1003705e+000  2.8072277e+000  2.9531449e+000  2.3990608e+000  2.0288464e+000
  1.0000000e+000  2.4122927e+000  3.8080548e+000  2.5825610e+000  3.9041935e+000  4.4843186e+000  2.6202776e+000  3.0288915e+000  1.6488531e+000  2.5870082e+000  2.1871295e+000
  2.0000000e+000  1.2859844e+000  2.3492011e+000  3.2310744e+000  1.6579001e+000  1.0465515e+000  1.6713802e+000  3.3639377e+000  2.2107694e+000  2.9927307e+000  2.0680787e+000
  2.0000000e+000  3.7529877e+000  2.8235203e+000  3.5090148e+000  2.6045742e+000  3.7956772e+000  2.2463205e+000  8.5538620e-001  2.5752675e+000  2.2526183e+000  3.2123202e+000
  2.0000000e+000  2.5773914e+000  1.8686988e+000  3.3278168e+000  1.8778895e+000  4.8517630e+000  3.7656325e+000  4.3583308e+000  4.4716064e+000  4.3789339e+000  3.1388075e+000
  2.0000000e+000  4.5330939e+000  1.4222280e+000  2.4299253e+000  4.6058290e+000  1.9493676e+000  3.7912929e+000  1.9848859e+000  3.0213075e+000  2.0491259e+000  4.2577764e+000
  1.0000000e+000  3.1604454e+000  3.3983806e+000  3.6457617e+000  2.4655423e+000  3.7618492e+000  3.0794141e+000  3.3691928e+000  2.7757243e+000  2.3866473e+000  1.8825067e+000
  2.0000000e+000  2.0853760e+000  4.0768861e+000  5.0034945e+000  2.8268082e+000  1.5292796e+000  2.5200593e+000  3.6533831e+000  3.3685191e+000  3.7471248e+000  3.6187565e+000
  2.0000000e+000  2.4326039e+000  2.5651404e+000  1.9144780e+000  5.0566664e+000  4.0057703e+000  3.3865169e+000  1.9762756e+000  4.3885083e+000  2.7605055e+000  4.1686658e+000
  2.0000000e+000  1.3623419e+000  2.0703024e+000  2.8387244e+000  2.8827271e+000  1.7737332e+000  4.7623993e+000  5.4541236e+000  3.5551963e+000  3.0695918e+000  4.4105991e+000
  2.0000000e+000  3.0001462e+000  2.8366815e+000  3.6425670e+000  2.7257524e+000  2.7890842e+000  1.6297343e+000  2.1300473e+000  3.0385278e+000  4.3545587e+000  4.9156664e+000
  2.0000000e+000  2.2614479e+000  3.9969609e+000  3.9809584e+000  2.8951980e+000  4.1453491e+000  2.1820459e+000  2.0921993e+000  2.3782821e+000  3.4721589e+000  3.5293587e+000
  1.0000000e+000  1.9196987e+000  3.6807103e+000  3.3810394e+000  3.0523379e+000  2.4863109e+000  2.7240465e+000  1.6218944e+000  2.1850772e+000  1.5113012e+000  3.0459193e+000
  2.0000000e+000  1.2889767e+000  2.0864864e+000  3.4822548e+000  1.2243892e+000  4.1553809e+000  2.5395716e+000  2.0039627e+000  2.8448162e+000  5.3069798e+000  1.2737059e+000
  2.0000000e+000  2.8844342e+000  2.7595902e+000  3.2988844e+000  3.0789771e+000  2.9547391e+000  5.2227788e-001  3.2157854e+000  2.6986369e+000  2.8140822e+000  4.4033584e+000
  1.0000000e+000  3.1563035e+000  3.4453615e+000  3.1357696e+000  2.3664455e+000  2.5795692e+000  2.2786033e+000  3.5168324e+000  1.4314903e+000  2.4645255e+000  3.4896087e+000
  2.0000000e+000  5.0063070e+000  2.9668452e+000  2.9423052e+000  2.3765419e+000  1.8987161e+000  2.0207011e+000  1.7773233e+000  2.9653551e+000  4.9740922e+000  1.9027038e+000
  1.0000000e+000  2.1398961e+000  3.3050206e+000  1.4795864e+000  2.1053074e+000  2.6899951e+000  2.7325047e+000  3.4374906e+000  2.6515935e+000  1.8664709e+000  3.0144276e+000
  2.0000000e+000  4.9213699e+000  3.1877851e+000  3.9663486e+000  3.2435749e+000  2.0270422e+000  5.2852660e+000  2.1112732e+000  3.4373052e+000  2.5854807e+000  3.1792185e+000
  2.0000000e+000  2.1471963e+000  4.8517484e+000  3.5849481e+000  2.9479978e+000  4.5725147e+000  2.8671750e+000  2.8870098e+000  4.5790055e+000  2.9646673e+000  3.2145223e+000
  2.0000000e+000  2.7491126e+000  2.2968192e+000  2.1513668e+000  2.4669653e+000  4.7529410e+000  2.6682672e+000  3.4562521e+000  2.4376988e+000  3.4732711e+000  3.0279766e+000
  2.0000000e+000  9.6675211e-001  4.9212292e+000  3.4474699e+000  4.6782061e+000  1.5745024e+000  2.6771155e+000  3.8589032e+000  1.3213359e+000  5.0480935e+000  3.3522281e+000
  2.0000000e+000  2.0408610e+000  4.9066663e+000  2.5161944e+000  2.3230786e+000  4.4280590e+000  4.7641437e+000  2.8433650e+000  1.3726951e+000  4.0650955e+000  2.5715377e+000
  2.0000000e+000  3.2277221e+000  4.4476581e+000  2.7035444e+000  5.5698261e+000  3.6580211e+000  3.6356724e+000  3.3985180e+000  2.5100203e+000  1.6242551e+000  2.8584678e+000
  2.0000000e+000  3.6533442e+000  2.0442783e+000  2.4592204e+000  3.4702620e+000  4.4954660e+000  2.2622726e+000  3.4640611e+000  3.1614905e+000  4.0917120e+000  4.1539067e+000
  1.0000000e+000  4.1915793e+000  3.1797014e+000  2.5940272e+000  3.3282439e+000  4.6880758e+000  2.4502372e+000  1.5023681e+000  1.8356490e+000  2.7454409e+000  2.7105811e+000
  1.0000000e+000  3.9428467e+000  3.0664366e+000  1.8167064e+000  3.4484059e+000  3.7856257e+000  2.8497404e+000  3.3203370e+000  1.8521351e+000  4.4376595e+000  9.0858567e-001
  1.0000000e+000  1.1751972e+000  3.8567413e+000  2.1952452e+000  2.1081615e+000  2.9010993e+000  3.0946257e+000  3.9501465e+000  6.9998727e-001  2.6282769e+000  2.6792122e+000
  2.0000000e+000  2.0918168e-002  3.9880990e+000  2.0152341e+000  1.4765158e+000  2.1977290e+000  2.4948780e+000  3.1479269e+000  3.7258992e+000  3.4234711e+000  3.4585285e+000
  2.0000000e+000  2.7285710e+000  2.0791818e+000  1.8381116e+000  4.3852906e+000  2.8159445e+000  3.7856610e+000  4.7680762e+000  3.6334925e+000  9.4286550e-001  4.1612797e+000
  2.0000000e+000  2.4408848e+000  2.1834757e+000  2.9474618e+000  4.1790564e+000  2.7411808e+000  3.3436644e+000  2.3324048e+000  2.2632481e+000  1.6224988e+000  2.4311664e+000
  2.0000000e+000  3.7320815e+000  3.1542163e+000  3.4591280e+000  4.0257636e+000  3.9046709e+000  1.0793742e+000  2.8505847e+000  2.1691027e+000  2.4771767e+000  2.4395373e+000
  1.0000000e+000  4.6421899e+000  3.2567962e+000  2.3353182e+000  1.3697011e+000  3.3995141e+000  3.6880932e+000  3.1511235e+000  4.0274994e+000  5.0571533e-001  4.3984365e+000
  1.0000000e+000  3.4400505e+000  3.7906746e+000  2.3628329e+000  5.4517134e+000  1.8002571e+000  3.2943928e+000  4.1665862e+000  3.5176842e+000  1.7893104e+000  2.7926746e+000
  2.0000000e+000  3.1408087e+000  3.2526953e+000  4.2873435e+000  3.7797233e+000  3.2062977e+000  1.0062086e+000  1.7073109e+000  1.6037015e+000  3.2401109e+000  3.4812170e+000
  2.0000000e+000  4.0041129e+000  1.3170299e+000  3.2670246e+000  3.5451151e+000  4.9265271e+000  2.5559140e+000  2.0781800e+000  2.2372693e+000  2.9037574e+000  3.0588128e+000
  2.0000000e+000  6.9901180e-001  4.3850628e+000  3.6500952e+000  2.7588809e+000  1.0496777e+000  4.3415111e+000  2.2919650e+000  3.9288596e+000  3.6995353e-001  7.4656098e-001
  2.0000000e+000  2.7537374e+000  3.1102255e+000  3.9663930e+000  1.3670016e+000  2.8755527e+000  1.8943939e+000  3.7372117e+000  3.6168650e+000  3.3870664e+000  4.1486308e+000
  2.0000000e+000  2.7275858e+000  2.0189012e+000  4.6236383e+000  3.5584359e+000  1.3833584e+000  2.6396806e+000  4.1786156e+000  4.2687079e+000  3.6798845e+000  2.8132389e+000
  2.0000000e+000  2.7578768e+000  1.4984822e+000  3.6352513e+000  3.4700981e+000  4.8321731e+000  2.8607431e+000  5.5041698e-001  3.8085644e+000  2.6751714e+000  3.2178897e+000
  2.0000000e+000  1.2266533e+000  1.0439361e+000  3.3252149e+000  4.0505632e+000  2.9261286e+000  2.9447717e+000  2.6513120e+000  2.0313544e+000  4.7581650e+000  1.8146042e+000
  2.0000000e+000  3.4356977e+000  1.7101919e+000  3.4526796e+000  2.2284460e+000 -4.2626700e-002  3.7776763e+000  3.4626923e+000  1.8615595e+000  3.4711609e+000  2.9597316e+000
  1.0000000e+000  2.7428173e+000  3.3462275e+000  2.7824265e+000  1.4597996e+000  2.0583043e+000  3.1214112e+000  4.2206588e+000  4.2265948e+000  2.1038810e+000  2.7028583e+000
  2.0000000e+000  3.0774497e+000  3.7598878e+000  5.7922753e-001  3.4984771e+000  1.8833305e+000  1.6725430e+000  2.1022259e+000  1.8491412e+000  9.1648046e-001  4.8512896e+000
  2.0000000e+000  3.9057744e+000  3.9854168e+000  3.9866249e+000  2.9771423e+000  5.2128848e+000  3.6983506e+000  1.5647435e+000  3.1170376e+000  2.7060300e+000  2.4346919e+000
  2.0000000e+000  4.3929127e+000  2.5362956e+000  1.7474601e+000  3.9647378e+000  1.8493934e+000  1.5910262e+000  3.0289879e+000  2.3734422e+000  1.7063138e+000  5.1980044e+000
  2.0000000e+000  2.9870072e+000  2.4037700e+000  1.5260473e+000  3.2808228e+000  3.3626054e+000  5.4997441e+000  2.1023186e+000  3.5664090e+000  4.4390529e+000  2.9090058e+000
  2.0000000e+000  3.2128662e+000  2.7749515e+000  3.6001838e+000  7.2522281e-001  5.0508582e+000  3.2391753e+000  4.0349944e+000  2.5933208e+000  3.8149446e+000  1.6487142e+000
  1.0000000e+000  2.4578758e+000  3.6134480e+000  1.5275611e+000  2.0983988e+000  4.1194729e+000  3.6690281e+000  3.5260389e+000  2.9774342e+000  2.9495262e+000  2.3170682e+000
  2.0000000e+000  2.9003750e+000  1.3074505e+000  2.1509309e+000  4.0502943e+000  3.8726949e+000  3.0390636e+000  3.5981957e+000  4.6085682e+000  2.2628282e-001  3.7842356e+000
  2.0000000e+000  2.3913017e+000  2.2102249e+000  2.3170353e+000  2.5144035e+000  2.6209178e+000  3.8040516e+000  2.0476031e+000  2.0471817e+000  2.5117056e+000  4.2566949e+000
  1.0000000e+000  3.9120838e+000  3.4245170e+000  4.1034168e+000  3.4432701e+000  2.8362849e+000  3.8448668e+000  3.0660287e+000  3.2401709e+000  3.9937325e+000  4.1655685e+000
  1.0000000e+000  3.6608255e+000  3.1940075e+000  3.6797370e+000  3.1130055e+000  2.1651673e+000  3.6543674e+000  3.0972944e+000  1.9872812e+000  3.8002525e+000  2.7984712e+000
